15 15
XXXXXXXXXXXXXXX
XXXXXXXXXX...XX
XXXXX........XX
XXXXX.XXXX...XX
XXXXX.XXXXXXXXX
XX............X
XX............X
XX............X
XX............X
XXXXXXXX.XXX.XX
XXXXXXXX.XXX.XX
X...XXX...X...X
X.........X...X
X...XXX...X...X
XXXXXXXXXXXXXXX
player 0 33.1042,66.625
enemy 1 154.354,68.4479 154.354,68.4479 154.354,68.4479 152.281,30.0521 192.385,30.5729 189.521,68.8542
enemy 2 48.8646,191.177 48.8646,191.177 48.8646,191.177 48.8438,131.156 147.802,127.25 148.844,190.01
enemy 3 191.312,129.979 191.312,129.979 191.312,129.979 269.729,130.896 270.771,192.875 190.823,191.052
timebox 4 246.958,48.5
knife 5 33.7604,30.5521
objective 6 183.927,253.396
exit 7 230.24,250.604
