9 11
XXXXXXXXX
X.......X
XXXX.XXXX
X.......X
X.......X
X.......X
X.......X
X.......X
X.......X
X.......X
XXXXXXXXX
enemy 0 46.1458,114.427 46.1458,114.427 91.3021,147.552 152.5,84.5312 98.8542,25.4167 31.9271,65.5208
enemy 1 141.198,110.781 141.198,110.781 141.198,110.781 136.771,36.3021 51.3542,33.4375 42.7604,134.74
enemy 2 39.1146,44.8958 39.1146,44.8958 39.1146,44.8958 49.7917,140.729 145.885,136.823 140.677,30.3125
enemy 3 144.323,46.9792 144.323,46.9792 144.323,46.9792 48.4896,45.1562 47.4479,130.573 136.25,130.573
player 4 30.3646,189.365
